overowser18
6
20210414233108
20210411141500
overowser09
6
20210417191318
20210415010700
ghali06
6
20210415005518
20210412143400
overowser08
6
20210417205515
20210415013000
ghali071
6
20210419133634
20210417074200
overowser11
41
20210419002620
20210417074600
overowser12
41
20210419021238
20210417001600
overowser13
6
20210418061134
20210415013800
overowser14
6
20210418074049
20210415014400
overowser15
6
20210418090900
20210415015200
ghali07
41
20210419100331
20210417173600
overowser
6
20210416062524
20210412150200
overowser16
6
20210419073337
20210415015700
overowser17
6
20210414215643
20210411140900
ghali02
6
20210419112316
20210415011300
ghali073
32
20210418201018
20210417073200